	17217459
	15458645
	17217459
	17209125
	14745029
	19392685
	19392685
	19392685
	19392685
	18591352
	18591352
	18178669
	18178669
	19060218
	18786002
	16367964
	17655650
	7704045
	7743935
	7743935
	15743450
	15743450
	19666544
	16278345
	17485080
	17081979
	17081979
	18024560
	18849491
	15618487
	16460513
	16210544
	16286448
	18178669
	19060218
	15659631
	15659631
	15659631
	15659631
	15659631
	15659631
	15659631
	15659631
	16461383
	17307927
	17307927
	17496893
	17496893
	17318317
	18394997
	19081078
	16357038
	11479382
	16361392
	16361392
	16361392
	20110319
	19210750
	16098103
	19004800
	15031265
	19037657
	19201913
	15031265
	18780802
	20197506
	20197506
	17535918
	17535918
	17535918
	21441406
	17435085
	17189341
	17189341
	16339310
	17369435
	19304937
	19304937
	19304937
	17960244
	17031512
	16460509
	16460509
	16460509
	16514016
	20215588
	7704045
	7704045
	7704045
	7704045
	16359390
	21441406
	7867930
	7867930
	7867930
	17355438
	17355438
	18849491
	18408046
	16463096
	16367966
	16367966
	12419184
	12419184
	16500990
	11826296
	19135895
	20487379
	18503769
	12953110
	17062755
	17461783
	17601829
	16227434
	18394997
	18394997
	18451323
	19223001
	19223001
	16412086
	17081979
	14871314
	17630277
	17461780
	19081078
	20197506
	16400151
	16400151
	16460513
	16357038
	11479382
	16361392
	16361392
	16361392
	11479382
	16753566
	11234017
	12410813
	12410813
	20110319
	11114883
	11114883
	11114883
	15053761
	15053761
	15053761
	16357038
	16357038
	16357038
	16829587
	14615593
	15084720
	15084720
	15155883
	9425146
	17363254
	18723577
	17363254
	14675533
	14675533
	17307926
	18003916
	18003916
	17307926
	17626058
	17626058
	17626058
	17626058
	17626058
	17626058
	16804053
	17655650
	15753038
	20110319
	16514016
	18643975
	17881564
	7704045
	15486104
	15486104
	15486104
	7704045
	18839316
	21791601
	17031512
	17662035
	17360591
	17259263
	19832943
	19832943
	19484493
	16434475
	17329565
	17329565
	17329565
	15258265
	18247047
	17557807
	17557807
	16243904
	18156217
	16243904
	16243904
	21074051
	17216483
	17586653
	17672843
	9550721
	17194763
	17194763
	17194763
	17194763
	17259265
	16384909
	20215588
	18403411
	12172022
	12172022
	18948541
	17220200
	18467465
	18467465
	17158604
	15908600
	16514016
	16460509
	16460509
	16460509
	21800258
	21800258
	21800258
	21800258
	16384909
	18723577
	16682350
	19304937
	19304937
	19304937
	16682350
	19969521
	9165126
	15454085
	15454085
	17960244
	20122158
	21471118
	21471118
	16525894
	16367964
	21494323
	21494323
	17062755
	17363254
	17363254
	17031512
	15894620
	15894620
	15894620
	17557807
	17557807
	21791601
	16015335
	17257168
	14526079
	18281505
	17435085
	18753286
	18753286
	18753286
	16045474
	16045474
	16045474
	18948541
	18948541
	16698945
	15604708
	9436980
	17194763
	17194763
	17194763
	17194763
	17062755
	17363254
	17363254
	18653891
	20215588
	17194763
	18725356
	18725356
	18725356
	18725356
	18725356
	18725356
	17435085
	12417304
	20197506
	17213228
	15743450
	9165747
	18798873
	18394997
	18394997
	18394997
	17031512
	19705149
	18718934
	18718934
	18718934
	19135895
	15073153
	15073153
	12690200
	17081979
	16113228
	18723577
	16463096
	16517762
	16517762
	16176989
	16176989
	16407439
	18559960
	16763149
	18408158
	17878303
	18753286
	17227548
	17227548
	16766694
	17785527
	17785527
	17533512
	20647342
	16942608
	16942608
	8431946
	8431946
	8431946
	8431946
	8431946
	15272001
	15272001
	15978034
	21800258
	21800258
	21800258
	21800258
	17012601
	17012601
	20230485
	19304937
	19304937
	19304937
	18643975
	16815950
	17960244
	17960244
	9367981
	18065688
	9367981
	9367981
	9367981
	17158604
	17485080
	17513503
	17485080
	17586653
	19506555
	8643469
	17630277
	17062755
	17363254
	17363254
	17662035
	17458634
	18178669
	17458634
	18178669
	19060218
	19060218
	17458634
	15659631
	15659631
	15659631
	15659631
	15659631
	15659631
	15659631
	15659631
	16461383
	9342863
	9342863
	9342863
	17257168
	15894620
	15894620
	15894620
	19234066
	16463096
	14675533
	14675533
	17307926
	17194763
	17194763
	17194763
	17194763
	17319849
	16183846
	16357038
	11479382
	15166290
	16361392
	16361392
	16361392
	20110319
	18768907
	9210330
	16359384
	18178669
	19060218
	19060218
	18326829
	18326829
	18494853
	15908599
	15908599
	10911994
	10911994
	18356490
	18356490
	18356490
	18356490
	10817761
	18403411
	15863435
	14675453
	14675453
	14675453
	14675453
	17873088
	17873088
	20609115
	17322407
	17322407
	10887093
	21599977
	11063705
	20405311
	17496122
	15894620
	15894620
	15894620
	15894620
	15894620
	7743935
	16176989
	15937229
	16567499
	17878303
	7743935
	16227434
	11063705
	11063705
	18281505
	7743935
	15863435
	15863435
	15863435
	15863435
	15863435
	16443695
	16443695
	16443695
	16443695
	17651372
	16258013
